304 1
368 1
373 1
234 1
369 1
121 1
238 1
18 1
19 1
250 1
240 1
339 1
251 1
331 1
124 1
127 1
246 1
306 1
39 1
87 1
232 1
128 1
84 1
83 1
242 1
254 1
126 1
201 1
255 1
308 1
37 1
38 1
192 1
239 1
46 1
149 1
129 1
148 1
16 1
74 1
31 1
34 1
35 1
70 1
88 1
189 1
325 1
42 1
292 1
318 1
348 1
90 1
243 1
310 1
78 1
179 1
206 1
259 1
17 1
32 1
92 1
97 1
299 1
281 1
43 1
76 1
244 1
274 1
351 1
347 1
95 1
130 1
303 1
147 1
224 1
196 1
312 1
341 1
286 1
320 1
41 1
68 1
337 1
345 1
167 1
290 1
257 1
270 1
222 1
344 1
23 1
218 1
181 1
11 1
175 1
183 1
165 1
209 1
261 1
94 1
119 2
370 2
152 2
252 2
50 2
169 2
302 2
64 2
4 2
102 2
54 2
56 2
172 2
174 2
139 2
52 2
33 2
359 2
8 2
132 2
116 2
57 2
86 2
316 2
256 3
385 3
295 3
301 3
178 3
107 3
173 3
184 3
207 3
220 3
230 3
375 4
367 4
365 4
233 4
366 4
125 4
376 4
378 4
21 4
340 4
253 4
144 4
122 4
155 4
154 4
75 4
161 4
248 4
47 4
298 4
300 4
28 4
45 4
12 4
29 4
177 4
279 4
80 4
59 4
276 4
343 4
269 4
159 4
216 4
350 4
288 4
164 4
283 4
289 4
166 4
24 4
170 4
226 4
146 4
3 4
263 4
158 4
53 4
358 4
353 4
115 4
176 4
361 4
140 4
236 4
241 4
137 4
118 5
228 6
371 6
120 6
30 6
123 6
330 6
231 6
247 6
319 6
71 6
77 6
334 6
349 6
214 6
203 6
79 6
258 6
61 6
202 6
296 6
294 6
297 6
101 6
245 6
82 6
109 6
333 6
66 6
160 6
268 6
205 6
221 6
273 6
58 6
163 6
219 6
171 6
267 6
27 6
352 6
208 6
211 6
96 6
108 6
227 6
157 6
14 6
55 6
327 6
360 6
328 6
355 6
377 7
212 7
135 7
168 7
13 7
185 7
193 7
311 8
103 8
326 8
72 8
198 8
197 8
215 8
324 8
266 8
48 8
98 8
110 8
282 8
150 8
264 8
111 8
262 8
106 8
114 8
100 8
133 8
117 8
142 8
235 8
362 8
105 8
99 8
354 8
104 8
138 8
284 8
285 8
315 8
49 9
364 9
363 9
191 9
329 9
36 9
182 9
346 9
210 9
7 9
265 9
22 9
195 9
229 9
141 9
162 9
379 9
91 10
187 10
223 11
372 11
151 11
153 11
356 11
89 11
321 11
73 11
190 11
275 11
335 11
272 11
199 11
277 11
69 11
204 11
213 11
10 11
317 11
1 11
112 11
113 11
381 11
44 11
383 11
188 11
194 11
81 12
237 12
145 12
20 12
249 12
305 12
293 12
93 12
342 12
323 12
280 12
291 12
278 12
62 12
271 12
338 12
25 12
217 12
51 12
322 12
380 12
85 12
357 12
309 12
313 12
314 12
136 12
260 13
374 13
384 13
180 13
143 13
200 13
307 13
60 13
287 13
336 13
131 13
332 13
65 13
5 13
67 13
6 13
15 13
63 13
26 13
134 13
9 13
186 13
156 13
2 13
382 13
40 13
225 14
